42
15
Иванов Сергей 100 30 78 13 45 62 89 71 58 84 92 67 75 81 63
Петров Антон 90 16 98 14 67 55 82 63 79 91 74 86 69 77 88
Сидоров Юрий 100 70 30 21 88 76 94 85 73 69 82 91 64 78 83
Козлова Анна 85 92 77 65 43 91 68 74 82 59 95 71 86 79 66
Смирнов Дмитрий 95 88 76 54 39 87 92 66 71 83 79 94 68 85 72
Федорова Мария 78 85 91 72 68 79 84 93 67 75 89 76 82 90 74
Новиков Алексей 88 79 84 63 71 86 77 69 95 81 73 88 92 65 80
Волкова Елена 92 67 89 75 82 73 88 91 64 78 85 79 96 70 84
Павлов Игорь 81 93 72 69 77 84 66 79 92 85 71 83 78 94 67
Лебедев Владимир 79 84 85 88 72 66 91 75 83 92 68 77 89 73 86
Григорьева Ольга 94 76 83 79 85 91 67 82 78 74 90 84 71 88 69
Соколов Артем 87 89 74 82 93 68 85 76 91 79 72 83 94 66 77
Кузнецова Виктория 83 77 92 86 64 90 79 84 73 88 81 69 85 92 76
Попов Максим 76 91 79 94 87 73 82 68 89 75 84 92 67 80 93
Васильев Александр 90 82 86 77 91 84 73 89 76 92 78 85 80 67 94
Михайлова Екатерина 85 78 90 83 79 92 76 87 84 71 93 80 75 89 68
Морозов Иван 88 85 81 90 76 79 93 72 87 83 70 91 84 78 82
Захарова Алина 82 89 75 84 93 77 80 91 70 86 79 92 83 74 88
Семенов Павел 91 73 88 80 85 82 77 94 69 90 84 78 92 71 86
Егорова Дарья 84 80 93 78 88 75 89 83 92 76 87 81 74 90 79
Орлов Кирилл 79 87 84 91 82 88 71 85 90 73 92 76 83 89 75
Тарасова София 93 81 77 85 90 84 78 80 86 92 75 89 82 76 91
Андреев Николай 86 92 80 73 84 89 85 77 81 90 76 83 91 72 87
Ковалева Полина 80 86 91 89 75 81 92 78 84 87 73 90 79 85 82
Гусев Денис 89 75 82 92 86 78 84 90 77 81 88 72 85 93 80
Медведева Анастасия 87 83 89 76 91 80 86 79 93 84 82 77 90 74 88
Тихонов Роман 92 88 73 87 80 93 75 86 82 89 71 84 88 91 76
Савченко Ангелина 83 90 86 81 77 92 84 73 88 82 89 75 80 87 93
Фролов Арсений 90 84 78 88 93 76 81 92 75 85 80 86 77 94 83
Данилова Валерия 85 79 92 82 88 85 90 74 87 80 91 84 78 83 89
Белов Степан 88 91 84 79 82 87 89 81 76 93 85 80 92 77 84
Калинина Ксения 81 85 90 83 79 88 82 92 84 76 87 91 73 86 80
Киселев Владислав 94 77 83 90 84 79 87 85 80 91 78 82 89 75 88
Щербакова Диана 86 82 87 84 91 80 83 88 79 90 76 85 81 92 77
Борисов Глеб 89 86 81 92 85 78 90 83 88 77 84 79 93 80 86
Романова Александра 82 89 88 75 90 83 79 86 91 84 80 87 76 92 81
Воронов Матвей 91 83 79 86 87 92 84 80 85 88 93 76 82 89 75
Лапина Вероника 87 80 85 89 83 86 91 77 82 90 84 78 88 81 92
Герасимов Тимофей 84 92 80 87 81 90 78 89 83 86 91 75 85 82 88
Степанова Ульяна 90 84 88 82 86 91 80 85 79 92 83 87 74 89 81
Матвеев Артур 85 87 82 91 88 79 86 84 90 81 92 80 77 83 89
Филиппова Кира 88 81 89 84 92 77 85 90 78 83 86 91 79 80 87